COMPTIME: 201.98 seconds
ATATIME: 0.00317987 seconds
SRTIME: 0.000755215 seconds
Simulation Time = 202.145 seconds for 1000000 particles.
