COMPTIME: 1.06427 seconds
ATATIME: 0.0887134 seconds
SRTIME: 0.130946 seconds
Simulation Time = 1.55287 seconds for 1000000 particles.
