COMPTIME: 12.3438 seconds
ATATIME: 0.0522688 seconds
SRTIME: 0.0953829 seconds
Simulation Time = 12.565 seconds for 1000000 particles.
