COMPTIME: 100.019 seconds
ATATIME: 0.119923 seconds
SRTIME: 0.115209 seconds
Simulation Time = 100.398 seconds for 1000000 particles.
