COMPTIME: 6.65057 seconds
ATATIME: 0.0561652 seconds
SRTIME: 0.0935214 seconds
Simulation Time = 7.12311 seconds for 1000000 particles.
