COMPTIME: 51.7811 seconds
ATATIME: 0.0826914 seconds
SRTIME: 0.142487 seconds
Simulation Time = 52.1449 seconds for 1000000 particles.
