COMPTIME: 3.18447 seconds
ATATIME: 0.0626762 seconds
SRTIME: 0.0990639 seconds
Simulation Time = 3.60328 seconds for 1000000 particles.
