COMPTIME: 23.7657 seconds
ATATIME: 0.0629912 seconds
SRTIME: 0.17535 seconds
Simulation Time = 24.1347 seconds for 1000000 particles.
